Iterations 	 Error 
0	0.00118998
1	7.11322e-09
2	8.3649e-09
3	9.77313e-09
4	1.13554e-08
5	1.31312e-08
6	1.51219e-08
7	1.73512e-08
8	1.98451e-08
9	2.26324e-08
10	2.57448e-08
11	2.92171e-08
12	3.30878e-08
13	3.73988e-08
14	4.21963e-08
15	4.75309e-08
16	5.34579e-08
17	6.00377e-08
18	6.73358e-08
19	7.5424e-08
20	8.43797e-08
21	9.42868e-08
22	1.05236e-07
23	1.17324e-07
24	1.30655e-07
25	1.4534e-07
26	1.61497e-07
27	1.79249e-07
28	1.98727e-07
29	2.20063e-07
30	2.43396e-07
31	2.68867e-07
32	2.96614e-07
33	3.26775e-07
34	3.59481e-07
35	3.94854e-07
36	4.33e-07
37	4.74006e-07
38	5.17933e-07
39	5.64808e-07
40	6.14619e-07
41	6.67304e-07
42	7.22743e-07
43	7.80751e-07
44	8.41071e-07
45	9.03363e-07
46	9.67201e-07
47	1.03207e-06
48	1.09736e-06
49	1.16239e-06
50	1.22636e-06
51	1.28846e-06
52	1.34777e-06
53	1.40338e-06
54	1.45435e-06
55	1.49979e-06
56	1.53884e-06
57	1.57074e-06
58	1.59485e-06
59	1.61067e-06
60	1.61786e-06
61	1.61628e-06
62	1.60595e-06
63	1.58711e-06
64	1.56015e-06
65	1.52563e-06
66	1.48423e-06
67	1.43676e-06
68	1.38409e-06
69	1.32714e-06
70	1.26684e-06
71	1.20409e-06
72	1.13979e-06
73	1.07475e-06
74	1.00971e-06
75	9.45327e-07
76	8.82182e-07
77	8.20752e-07
78	7.61429e-07
79	7.04522e-07
80	6.50259e-07
81	5.98799e-07
82	5.50239e-07
83	5.0462e-07
84	4.61939e-07
85	4.22155e-07
86	3.85196e-07
87	3.50968e-07
88	3.19357e-07
89	2.90237e-07
90	2.63476e-07
91	2.38934e-07
92	2.16472e-07
93	1.9595e-07
94	1.77231e-07
95	1.60183e-07
96	1.44678e-07
97	1.30596e-07
98	1.17821e-07
99	1.06245e-07
100	9.57667e-08
101	8.62914e-08
102	7.77314e-08
103	7.00052e-08
104	6.30379e-08
105	5.67602e-08
106	5.11086e-08
107	4.60248e-08
108	4.14554e-08
109	3.73516e-08
110	3.36692e-08
111	3.03674e-08
112	2.74095e-08
113	2.47618e-08
114	2.23941e-08
115	2.02786e-08
116	1.83902e-08
117	1.67064e-08
118	1.52065e-08
119	1.38721e-08
120	1.26862e-08
121	1.16337e-08
122	1.0701e-08
123	9.87552e-09
124	9.14626e-09
125	8.50311e-09
126	7.937e-09
127	7.43975e-09
128	7.00402e-09
129	6.62317e-09
130	6.29127e-09
131	6.00294e-09
132	5.75338e-09
133	5.53827e-09
134	5.35373e-09
135	5.19627e-09
136	5.06278e-09
137	4.95045e-09
138	4.85679e-09
139	4.77954e-09
140	4.7167e-09
141	4.66649e-09
142	4.62729e-09
143	4.59768e-09
144	4.57639e-09
145	4.56229e-09
146	4.55436e-09
147	4.55171e-09
148	4.55354e-09
149	4.55915e-09
150	4.56792e-09
151	4.5793e-09
152	4.5928e-09
153	4.60799e-09
154	4.6245e-09
155	4.642e-09
156	4.6602e-09
157	4.67885e-09
158	4.69774e-09
159	4.71669e-09
160	4.73552e-09
161	4.7541e-09
162	4.77232e-09
163	4.79007e-09
164	4.80728e-09
165	4.82387e-09
166	4.8398e-09
167	4.85501e-09
168	4.86947e-09
169	4.88316e-09
170	4.89606e-09
171	4.90816e-09
172	4.91945e-09
173	4.92992e-09
174	4.93959e-09
175	4.94846e-09
176	4.95654e-09
177	4.96384e-09
178	4.97037e-09
179	4.97616e-09
180	4.98122e-09
181	4.98556e-09
182	4.98922e-09
183	4.9922e-09
184	4.99453e-09
185	4.99624e-09
186	4.99733e-09
187	4.99785e-09
188	4.99779e-09
189	4.9972e-09
190	4.99608e-09
191	4.99446e-09
192	4.99236e-09
193	4.9898e-09
194	4.9868e-09
195	4.98338e-09
196	4.97955e-09
197	4.97534e-09
198	4.97076e-09
199	4.96583e-09
200	4.96057e-09
201	4.95499e-09
202	4.9491e-09
203	4.94292e-09
204	4.93647e-09
205	4.92976e-09
206	4.9228e-09
207	4.91561e-09
208	4.90819e-09
209	4.90057e-09
210	4.89274e-09
211	4.88472e-09
212	4.87652e-09
213	4.86815e-09
214	4.85962e-09
215	4.85094e-09
216	4.84212e-09
217	4.83316e-09
218	4.82407e-09
219	4.81487e-09
220	4.80555e-09
221	4.79612e-09
222	4.7866e-09
223	4.77698e-09
224	4.76727e-09
225	4.75748e-09
226	4.74761e-09
227	4.73768e-09
228	4.72767e-09
229	4.7176e-09
230	4.70747e-09
231	4.69729e-09
232	4.68705e-09
233	4.67677e-09
234	4.66644e-09
235	4.65608e-09
236	4.64567e-09
237	4.63523e-09
238	4.62476e-09
239	4.61426e-09
240	4.60374e-09
241	4.59319e-09
242	4.58262e-09
243	4.57202e-09
244	4.56141e-09
245	4.55079e-09
246	4.54014e-09
247	4.52949e-09
248	4.51883e-09
249	4.50815e-09
250	4.49747e-09
251	4.48678e-09
252	4.47608e-09
253	4.46538e-09
254	4.45468e-09
255	4.44397e-09
256	4.43327e-09
257	4.42256e-09
258	4.41185e-09
259	4.40115e-09
260	4.39044e-09
261	4.37974e-09
262	4.36905e-09
263	4.35835e-09
264	4.34766e-09
265	4.33698e-09
266	4.3263e-09
267	4.31563e-09
268	4.30496e-09
269	4.2943e-09
270	4.28365e-09
271	4.273e-09
272	4.26237e-09
273	4.25174e-09
274	4.24112e-09
275	4.23051e-09
276	4.21991e-09
277	4.20931e-09
278	4.19873e-09
279	4.18816e-09
280	4.17759e-09
281	4.16704e-09
282	4.1565e-09
283	4.14596e-09
284	4.13544e-09
285	4.12493e-09
286	4.11442e-09
287	4.10393e-09
288	4.09345e-09
289	4.08298e-09
290	4.07252e-09
291	4.06207e-09
292	4.05164e-09
293	4.04121e-09
294	4.0308e-09
295	4.02039e-09
296	4.01e-09
297	3.99962e-09
298	3.98925e-09
299	3.97889e-09
300	3.96854e-09
301	3.9582e-09
302	3.94787e-09
303	3.93756e-09
304	3.92726e-09
305	3.91696e-09
306	3.90668e-09
307	3.89641e-09
308	3.88616e-09
309	3.87591e-09
310	3.86567e-09
311	3.85545e-09
312	3.84524e-09
313	3.83504e-09
314	3.82485e-09
315	3.81467e-09
316	3.8045e-09
317	3.79434e-09
318	3.7842e-09
319	3.77407e-09
320	3.76394e-09
321	3.75383e-09
322	3.74373e-09
323	3.73365e-09
324	3.72357e-09
325	3.71351e-09
326	3.70345e-09
327	3.69341e-09
328	3.68338e-09
329	3.67337e-09
330	3.66336e-09
331	3.65337e-09
332	3.64338e-09
333	3.63341e-09
334	3.62345e-09
335	3.61351e-09
336	3.60357e-09
337	3.59365e-09
338	3.58374e-09
339	3.57384e-09
340	3.56395e-09
341	3.55407e-09
342	3.54421e-09
343	3.53436e-09
344	3.52452e-09
345	3.5147e-09
346	3.50488e-09
347	3.49508e-09
348	3.4853e-09
349	3.47552e-09
350	3.46576e-09
351	3.45601e-09
352	3.44627e-09
353	3.43655e-09
354	3.42684e-09
355	3.41714e-09
356	3.40745e-09
357	3.39778e-09
358	3.38813e-09
359	3.37848e-09
360	3.36885e-09
361	3.35924e-09
362	3.34963e-09
363	3.34004e-09
364	3.33047e-09
365	3.32091e-09
366	3.31136e-09
367	3.30183e-09
368	3.29231e-09
369	3.28281e-09
370	3.27332e-09
371	3.26385e-09
372	3.25439e-09
373	3.24494e-09
374	3.23551e-09
375	3.2261e-09
376	3.2167e-09
377	3.20732e-09
378	3.19795e-09
379	3.1886e-09
380	3.17927e-09
381	3.16995e-09
382	3.16064e-09
383	3.15136e-09
384	3.14208e-09
385	3.13283e-09
386	3.12359e-09
387	3.11437e-09
388	3.10517e-09
389	3.09598e-09
390	3.08681e-09
391	3.07766e-09
392	3.06852e-09
393	3.0594e-09
394	3.0503e-09
395	3.04122e-09
396	3.03216e-09
397	3.02311e-09
398	3.01408e-09
399	3.00507e-09
400	2.99608e-09
401	2.98711e-09
402	2.97816e-09
403	2.96922e-09
404	2.96031e-09
405	2.95141e-09
406	2.94253e-09
407	2.93367e-09
408	2.92484e-09
409	2.91602e-09
410	2.90722e-09
411	2.89844e-09
412	2.88968e-09
413	2.88095e-09
414	2.87223e-09
415	2.86353e-09
416	2.85486e-09
417	2.8462e-09
418	2.83757e-09
419	2.82896e-09
420	2.82036e-09
421	2.81179e-09
422	2.80325e-09
423	2.79472e-09
424	2.78622e-09
425	2.77773e-09
426	2.76927e-09
427	2.76084e-09
428	2.75242e-09
429	2.74403e-09
430	2.73566e-09
431	2.72731e-09
432	2.71899e-09
433	2.71068e-09
434	2.70241e-09
435	2.69415e-09
436	2.68592e-09
437	2.67771e-09
438	2.66953e-09
439	2.66137e-09
440	2.65324e-09
441	2.64513e-09
442	2.63704e-09
443	2.62898e-09
444	2.62094e-09
445	2.61293e-09
446	2.60494e-09
447	2.59698e-09
448	2.58904e-09
449	2.58113e-09
450	2.57324e-09
451	2.56538e-09
452	2.55754e-09
453	2.54973e-09
454	2.54195e-09
455	2.53419e-09
456	2.52645e-09
457	2.51875e-09
458	2.51107e-09
459	2.50341e-09
460	2.49579e-09
461	2.48819e-09
462	2.48061e-09
463	2.47307e-09
464	2.46555e-09
465	2.45805e-09
466	2.45059e-09
467	2.44315e-09
468	2.43574e-09
469	2.42835e-09
470	2.421e-09
471	2.41367e-09
472	2.40637e-09
473	2.3991e-09
474	2.39185e-09
475	2.38464e-09
476	2.37745e-09
477	2.37029e-09
478	2.36316e-09
479	2.35605e-09
480	2.34898e-09
481	2.34193e-09
482	2.33492e-09
483	2.32793e-09
484	2.32097e-09
485	2.31404e-09
486	2.30714e-09
487	2.30026e-09
488	2.29342e-09
489	2.28661e-09
490	2.27982e-09
491	2.27307e-09
492	2.26634e-09
493	2.25964e-09
494	2.25298e-09
495	2.24634e-09
496	2.23973e-09
497	2.23315e-09
498	2.22661e-09
499	2.22009e-09
500	2.2136e-09
501	2.20714e-09
502	2.20072e-09
503	2.19432e-09
504	2.18795e-09
505	2.18162e-09
506	2.17531e-09
507	2.16903e-09
508	2.16279e-09
509	2.15657e-09
510	2.15039e-09
511	2.14423e-09
512	2.13811e-09
513	2.13202e-09
514	2.12595e-09
515	2.11992e-09
516	2.11392e-09
517	2.10795e-09
518	2.10201e-09
519	2.0961e-09
520	2.09023e-09
521	2.08438e-09
522	2.07856e-09
523	2.07278e-09
524	2.06702e-09
525	2.0613e-09
526	2.05561e-09
527	2.04995e-09
528	2.04432e-09
529	2.03872e-09
530	2.03315e-09
531	2.02762e-09
532	2.02211e-09
533	2.01664e-09
534	2.01119e-09
535	2.00578e-09
536	2.0004e-09
537	1.99505e-09
538	1.98973e-09
539	1.98444e-09
540	1.97919e-09
541	1.97396e-09
542	1.96877e-09
543	1.9636e-09
544	1.95847e-09
545	1.95337e-09
546	1.9483e-09
547	1.94326e-09
548	1.93826e-09
549	1.93328e-09
550	1.92833e-09
551	1.92342e-09
552	1.91854e-09
553	1.91368e-09
554	1.90886e-09
555	1.90407e-09
556	1.89931e-09
557	1.89458e-09
558	1.88989e-09
559	1.88522e-09
560	1.88058e-09
561	1.87598e-09
562	1.8714e-09
563	1.86686e-09
564	1.86235e-09
565	1.85786e-09
566	1.85341e-09
567	1.84899e-09
568	1.8446e-09
569	1.84024e-09
570	1.83591e-09
571	1.83161e-09
572	1.82734e-09
573	1.82311e-09
574	1.8189e-09
575	1.81472e-09
576	1.81057e-09
577	1.80646e-09
578	1.80237e-09
579	1.79831e-09
580	1.79428e-09
581	1.79029e-09
582	1.78632e-09
583	1.78238e-09
584	1.77847e-09
585	1.7746e-09
586	1.77075e-09
587	1.76693e-09
588	1.76314e-09
589	1.75938e-09
590	1.75565e-09
591	1.75195e-09
592	1.74827e-09
593	1.74463e-09
594	1.74102e-09
595	1.73743e-09
596	1.73388e-09
597	1.73035e-09
598	1.72685e-09
599	1.72338e-09
600	1.71994e-09
601	1.71653e-09
602	1.71315e-09
603	1.70979e-09
604	1.70647e-09
605	1.70317e-09
606	1.6999e-09
607	1.69666e-09
608	1.69344e-09
609	1.69026e-09
610	1.6871e-09
611	1.68397e-09
612	1.68087e-09
613	1.67779e-09
614	1.67475e-09
615	1.67173e-09
616	1.66873e-09
617	1.66577e-09
618	1.66283e-09
619	1.65992e-09
620	1.65703e-09
621	1.65418e-09
622	1.65135e-09
623	1.64854e-09
624	1.64576e-09
625	1.64301e-09
626	1.64029e-09
627	1.63759e-09
628	1.63492e-09
629	1.63227e-09
630	1.62965e-09
631	1.62706e-09
632	1.62449e-09
633	1.62195e-09
634	1.61943e-09
635	1.61694e-09
636	1.61447e-09
637	1.61203e-09
638	1.60962e-09
639	1.60722e-09
640	1.60486e-09
641	1.60252e-09
642	1.6002e-09
643	1.59791e-09
644	1.59564e-09
645	1.5934e-09
646	1.59118e-09
647	1.58898e-09
648	1.58681e-09
649	1.58467e-09
650	1.58254e-09
651	1.58044e-09
652	1.57837e-09
653	1.57631e-09
654	1.57429e-09
655	1.57228e-09
656	1.5703e-09
657	1.56834e-09
658	1.5664e-09
659	1.56448e-09
660	1.56259e-09
661	1.56072e-09
662	1.55887e-09
663	1.55705e-09
664	1.55525e-09
665	1.55347e-09
666	1.55171e-09
667	1.54997e-09
668	1.54825e-09
669	1.54656e-09
670	1.54489e-09
671	1.54323e-09
672	1.5416e-09
673	1.53999e-09
674	1.53841e-09
675	1.53684e-09
676	1.53529e-09
677	1.53376e-09
678	1.53226e-09
679	1.53077e-09
680	1.5293e-09
681	1.52786e-09
682	1.52643e-09
683	1.52502e-09
684	1.52363e-09
685	1.52227e-09
686	1.52092e-09
687	1.51959e-09
688	1.51828e-09
689	1.51698e-09
690	1.51571e-09
691	1.51446e-09
692	1.51322e-09
693	1.512e-09
694	1.5108e-09
695	1.50962e-09
696	1.50846e-09
697	1.50731e-09
698	1.50619e-09
699	1.50508e-09
700	1.50398e-09
701	1.50291e-09
702	1.50185e-09
703	1.50081e-09
704	1.49978e-09
705	1.49877e-09
706	1.49778e-09
707	1.49681e-09
708	1.49585e-09
709	1.49491e-09
710	1.49398e-09
711	1.49307e-09
712	1.49218e-09
713	1.4913e-09
714	1.49044e-09
715	1.48959e-09
716	1.48875e-09
717	1.48794e-09
718	1.48713e-09
719	1.48635e-09
720	1.48557e-09
721	1.48482e-09
722	1.48407e-09
723	1.48334e-09
724	1.48263e-09
725	1.48192e-09
726	1.48124e-09
727	1.48056e-09
728	1.4799e-09
729	1.47926e-09
730	1.47862e-09
731	1.478e-09
732	1.4774e-09
733	1.4768e-09
734	1.47622e-09
735	1.47565e-09
736	1.47509e-09
737	1.47455e-09
738	1.47402e-09
739	1.4735e-09
740	1.47299e-09
741	1.4725e-09
742	1.47201e-09
743	1.47154e-09
744	1.47108e-09
745	1.47063e-09
746	1.47019e-09
747	1.46976e-09
748	1.46935e-09
749	1.46894e-09
750	1.46854e-09
751	1.46816e-09
752	1.46779e-09
753	1.46742e-09
754	1.46707e-09
755	1.46672e-09
756	1.46639e-09
757	1.46606e-09
758	1.46575e-09
759	1.46544e-09
760	1.46515e-09
761	1.46486e-09
762	1.46458e-09
763	1.46431e-09
764	1.46405e-09
765	1.4638e-09
766	1.46356e-09
767	1.46332e-09
768	1.46309e-09
769	1.46287e-09
770	1.46266e-09
771	1.46246e-09
772	1.46226e-09
773	1.46208e-09
774	1.4619e-09
775	1.46172e-09
776	1.46156e-09
777	1.4614e-09
778	1.46125e-09
779	1.4611e-09
780	1.46096e-09
781	1.46083e-09
782	1.46071e-09
783	1.46059e-09
784	1.46048e-09
785	1.46037e-09
786	1.46027e-09
787	1.46017e-09
788	1.46008e-09
789	1.46e-09
790	1.45992e-09
791	1.45985e-09
792	1.45978e-09
793	1.45972e-09
794	1.45966e-09
795	1.4596e-09
796	1.45956e-09
797	1.45951e-09
798	1.45947e-09
799	1.45944e-09
800	1.45941e-09
801	1.45938e-09
802	1.45936e-09
803	1.45934e-09
804	1.45932e-09
805	1.45931e-09
806	1.4593e-09
807	1.45929e-09
808	1.45929e-09
809	1.45929e-09
810	1.4593e-09
811	1.45931e-09
812	1.45932e-09
813	1.45933e-09
814	1.45934e-09
815	1.45936e-09
816	1.45938e-09
817	1.4594e-09
818	1.45943e-09
819	1.45945e-09
820	1.45948e-09
821	1.45951e-09
822	1.45954e-09
823	1.45957e-09
824	1.45961e-09
825	1.45964e-09
826	1.45968e-09
827	1.45972e-09
828	1.45976e-09
829	1.45979e-09
830	1.45984e-09
831	1.45988e-09
832	1.45992e-09
833	1.45996e-09
834	1.46e-09
835	1.46004e-09
836	1.46009e-09
837	1.46013e-09
838	1.46017e-09
839	1.46021e-09
840	1.46026e-09
841	1.4603e-09
842	1.46034e-09
843	1.46038e-09
844	1.46042e-09
845	1.46046e-09
846	1.4605e-09
847	1.46053e-09
848	1.46057e-09
849	1.4606e-09
850	1.46064e-09
851	1.46067e-09
852	1.4607e-09
853	1.46073e-09
854	1.46076e-09
855	1.46078e-09
856	1.46081e-09
857	1.46083e-09
858	1.46085e-09
859	1.46087e-09
860	1.46088e-09
861	1.46089e-09
862	1.46091e-09
863	1.46091e-09
864	1.46092e-09
865	1.46092e-09
866	1.46092e-09
867	1.46092e-09
868	1.46091e-09
869	1.4609e-09
870	1.46089e-09
871	1.46088e-09
872	1.46086e-09
873	1.46084e-09
874	1.46081e-09
875	1.46078e-09
876	1.46075e-09
877	1.46071e-09
878	1.46067e-09
879	1.46063e-09
880	1.46058e-09
881	1.46053e-09
882	1.46048e-09
883	1.46042e-09
884	1.46035e-09
885	1.46028e-09
886	1.46021e-09
887	1.46013e-09
888	1.46005e-09
889	1.45996e-09
890	1.45987e-09
891	1.45977e-09
892	1.45967e-09
893	1.45957e-09
894	1.45946e-09
895	1.45934e-09
896	1.45922e-09
897	1.45909e-09
898	1.45896e-09
899	1.45882e-09
900	1.45868e-09
901	1.45853e-09
902	1.45838e-09
903	1.45822e-09
904	1.45805e-09
905	1.45788e-09
906	1.4577e-09
907	1.45752e-09
908	1.45733e-09
909	1.45714e-09
910	1.45694e-09
911	1.45673e-09
912	1.45652e-09
913	1.4563e-09
914	1.45607e-09
915	1.45584e-09
916	1.4556e-09
917	1.45536e-09
918	1.4551e-09
919	1.45485e-09
920	1.45458e-09
921	1.45431e-09
922	1.45403e-09
923	1.45375e-09
924	1.45345e-09
925	1.45316e-09
926	1.45285e-09
927	1.45254e-09
928	1.45222e-09
929	1.45189e-09
930	1.45155e-09
931	1.45121e-09
932	1.45086e-09
933	1.45051e-09
934	1.45014e-09
935	1.44977e-09
936	1.44939e-09
937	1.44901e-09
938	1.44861e-09
939	1.44821e-09
940	1.4478e-09
941	1.44739e-09
942	1.44696e-09
943	1.44653e-09
944	1.44609e-09
945	1.44564e-09
946	1.44519e-09
947	1.44472e-09
948	1.44425e-09
949	1.44377e-09
950	1.44329e-09
951	1.44279e-09
952	1.44229e-09
953	1.44177e-09
954	1.44125e-09
955	1.44072e-09
956	1.44019e-09
957	1.43964e-09
958	1.43909e-09
959	1.43853e-09
960	1.43796e-09
961	1.43738e-09
962	1.43679e-09
963	1.4362e-09
964	1.43559e-09
965	1.43498e-09
966	1.43436e-09
967	1.43373e-09
968	1.43309e-09
969	1.43244e-09
970	1.43179e-09
971	1.43112e-09
972	1.43045e-09
973	1.42977e-09
974	1.42908e-09
975	1.42838e-09
976	1.42767e-09
977	1.42696e-09
978	1.42623e-09
979	1.4255e-09
980	1.42475e-09
981	1.424e-09
982	1.42324e-09
983	1.42247e-09
984	1.42169e-09
985	1.4209e-09
986	1.4201e-09
987	1.4193e-09
988	1.41848e-09
989	1.41766e-09
990	1.41683e-09
991	1.41598e-09
992	1.41513e-09
993	1.41427e-09
994	1.4134e-09
995	1.41252e-09
996	1.41164e-09
997	1.41074e-09
998	1.40983e-09
999	1.40892e-09
1000	1.40799e-09
1001	1.40706e-09
1002	1.40612e-09
1003	1.40517e-09
1004	1.4042e-09
1005	1.40323e-09
1006	1.40226e-09
1007	1.40127e-09
1008	1.40027e-09
1009	1.39926e-09
1010	1.39825e-09
1011	1.39722e-09
1012	1.39619e-09
1013	1.39514e-09
1014	1.39409e-09
1015	1.39303e-09
1016	1.39196e-09
1017	1.39088e-09
1018	1.38979e-09
1019	1.38869e-09
1020	1.38758e-09
1021	1.38646e-09
1022	1.38534e-09
1023	1.3842e-09
1024	1.38306e-09
1025	1.3819e-09
1026	1.38074e-09
1027	1.37957e-09
1028	1.37838e-09
1029	1.37719e-09
1030	1.37599e-09
1031	1.37479e-09
1032	1.37357e-09
1033	1.37234e-09
1034	1.3711e-09
1035	1.36986e-09
1036	1.3686e-09
1037	1.36734e-09
1038	1.36607e-09
1039	1.36479e-09
1040	1.3635e-09
1041	1.3622e-09
1042	1.36089e-09
1043	1.35957e-09
1044	1.35824e-09
1045	1.35691e-09
1046	1.35556e-09
1047	1.35421e-09
1048	1.35285e-09
1049	1.35147e-09
1050	1.35009e-09
1051	1.3487e-09
1052	1.34731e-09
1053	1.3459e-09
1054	1.34448e-09
1055	1.34306e-09
1056	1.34162e-09
1057	1.34018e-09
1058	1.33873e-09
1059	1.33727e-09
1060	1.3358e-09
1061	1.33432e-09
1062	1.33284e-09
1063	1.33134e-09
1064	1.32984e-09
1065	1.32833e-09
1066	1.32681e-09
1067	1.32528e-09
1068	1.32374e-09
1069	1.3222e-09
1070	1.32064e-09
1071	1.31908e-09
1072	1.31751e-09
1073	1.31593e-09
1074	1.31434e-09
1075	1.31274e-09
1076	1.31114e-09
1077	1.30952e-09
1078	1.3079e-09
1079	1.30627e-09
1080	1.30463e-09
1081	1.30299e-09
1082	1.30133e-09
1083	1.29967e-09
1084	1.298e-09
1085	1.29632e-09
1086	1.29463e-09
1087	1.29294e-09
1088	1.29123e-09
1089	1.28952e-09
1090	1.2878e-09
1091	1.28608e-09
1092	1.28434e-09
1093	1.2826e-09
1094	1.28085e-09
1095	1.27909e-09
1096	1.27732e-09
1097	1.27555e-09
1098	1.27377e-09
1099	1.27198e-09
1100	1.27018e-09
1101	1.26838e-09
1102	1.26657e-09
1103	1.26475e-09
1104	1.26292e-09
1105	1.26108e-09
1106	1.25924e-09
1107	1.25739e-09
1108	1.25554e-09
1109	1.25367e-09
1110	1.2518e-09
1111	1.24992e-09
1112	1.24804e-09
1113	1.24614e-09
1114	1.24424e-09
1115	1.24234e-09
1116	1.24042e-09
1117	1.2385e-09
1118	1.23657e-09
1119	1.23464e-09
1120	1.2327e-09
1121	1.23075e-09
1122	1.22879e-09
1123	1.22683e-09
1124	1.22486e-09
1125	1.22288e-09
1126	1.2209e-09
1127	1.21891e-09
1128	1.21692e-09
1129	1.21491e-09
1130	1.2129e-09
1131	1.21089e-09
1132	1.20887e-09
1133	1.20684e-09
1134	1.2048e-09
1135	1.20276e-09
1136	1.20071e-09
1137	1.19866e-09
1138	1.1966e-09
1139	1.19453e-09
1140	1.19246e-09
1141	1.19038e-09
1142	1.1883e-09
1143	1.18621e-09
1144	1.18411e-09
1145	1.18201e-09
1146	1.1799e-09
1147	1.17779e-09
1148	1.17567e-09
1149	1.17355e-09
1150	1.17142e-09
1151	1.16928e-09
1152	1.16714e-09
1153	1.16499e-09
1154	1.16284e-09
1155	1.16068e-09
1156	1.15851e-09
1157	1.15634e-09
1158	1.15417e-09
1159	1.15199e-09
1160	1.1498e-09
1161	1.14761e-09
1162	1.14542e-09
1163	1.14322e-09
1164	1.14101e-09
1165	1.1388e-09
1166	1.13658e-09
1167	1.13436e-09
1168	1.13214e-09
1169	1.12991e-09
1170	1.12767e-09
1171	1.12543e-09
1172	1.12319e-09
1173	1.12094e-09
1174	1.11868e-09
1175	1.11642e-09
1176	1.11416e-09
1177	1.11189e-09
1178	1.10962e-09
1179	1.10734e-09
1180	1.10506e-09
1181	1.10278e-09
1182	1.10049e-09
1183	1.09819e-09
1184	1.0959e-09
1185	1.09359e-09
1186	1.09129e-09
1187	1.08898e-09
1188	1.08666e-09
1189	1.08434e-09
1190	1.08202e-09
1191	1.0797e-09
1192	1.07737e-09
1193	1.07503e-09
1194	1.0727e-09
1195	1.07035e-09
1196	1.06801e-09
1197	1.06566e-09
1198	1.06331e-09
1199	1.06096e-09
1200	1.0586e-09
1201	1.05623e-09
1202	1.05387e-09
1203	1.0515e-09
1204	1.04913e-09
1205	1.04675e-09
1206	1.04437e-09
1207	1.04199e-09
1208	1.03961e-09
1209	1.03722e-09
1210	1.03483e-09
1211	1.03244e-09
1212	1.03004e-09
1213	1.02764e-09
1214	1.02524e-09
1215	1.02283e-09
1216	1.02043e-09
1217	1.01802e-09
1218	1.0156e-09
1219	1.01319e-09
1220	1.01077e-09
1221	1.00835e-09
1222	1.00593e-09
1223	1.0035e-09
1224	1.00107e-09
1225	9.98643e-10
